00 00 00 00 00 15 18 00 00 00 00 00 00 00 00 00 00 00 00 00 00 00 00 00 00 00 00 00 16 00 00 16 00 00 00 00 00 00 00 00 00 00 00 00 00 00 00 00 00 00 00 00
00 00 00 00 00 15 16 00 00 00 00 00 00 00 00 00 00 00 16 00 00 00 00 00 00 00 18 00 00 00 00 00 00 00 00 00 00 00 00 00 00 00 00 00 00 00 00 00 00 00 15 00
00 00 00 00 00 00 00 00 00 00 00 00 00 00 00 00 00 00 00 15 00 00 00 00 00 00 00 15 00 00 00 00 00 00 00 00 00 00 00 00 00 00 00 00 00 00 00 00 00 00 00 16
00 00 00 00 00 00 00 00 00 00 00 00 00 00 00 00 18 00 00 00 00 00 00 00 00 18 00 00 00 00 00 00 00 18 00 00 00 00 00 00 00 00 00 00 00 00 00 00 00 00 00 00
00 00 00 00 00 00 00 00 00 00 00 00 00 15 00 18 00 00 00 00 16 00 00 00 00 00 00 00 00 00 00 00 00 00 00 00 00 00 00 00 00 00 16 00 00 00 00 00 00 00 00 00
15 15 00 00 00 00 00 00 00 18 00 00 00 00 00 00 00 00 00 00 00 00 00 00 00 00 00 00 00 17 00 00 00 00 00 16 17 00 00 00 00 17 00 00 00 00 00 00 00 00 00 00
18 16 00 00 00 00 00 00 00 00 00 00 00 00 00 00 00 15 00 00 00 00 00 00 00 00 00 00 00 00 00 00 00 00 00 00 18 00 00 00 00 18 00 00 00 00 00 18 00 00 00 00
00 00 00 00 00 00 00 00 00 00 00 00 00 00 00 00 00 00 00 00 00 00 00 00 00 00 00 00 00 00 00 00 00 16 00 00 00 16 00 00 00 00 00 00 00 00 00 00 00 00 00 00
00 00 00 00 00 00 00 00 00 00 00 00 00 00 00 00 00 00 00 00 00 18 16 00 00 00 00 00 00 00 00 00 00 00 00 00 17 00 00 00 00 15 00 00 00 00 00 00 00 00 00 17
00 00 00 00 00 18 00 00 00 00 00 00 00 00 17 00 00 00 00 00 00 00 00 00 00 00 00 00 00 00 00 00 00 00 00 00 00 00 00 00 00 00 00 00 00 00 00 00 00 00 00 00
00 00 00 00 00 00 00 00 00 00 00 00 16 00 00 00 00 17 00 00 00 00 00 00 00 15 00 17 00 00 00 00 17 16 00 00 00 00 00 00 00 00 00 00 00 00 00 00 17 00 00 15
00 00 00 00 00 00 00 00 00 00 00 00 00 00 00 00 00 00 00 00 00 00 00 00 00 00 00 00 00 00 00 00 00 00 15 00 17 00 00 00 00 00 00 00 16 00 00 00 00 00 00 00
00 00 00 00 00 00 00 00 00 00 16 00 00 00 00 00 00 00 00 00 00 16 00 00 00 00 00 00 00 00 00 00 00 00 00 00 00 00 00 18 00 00 00 00 00 00 00 00 00 00 00 00
00 00 00 00 15 00 00 00 00 00 00 00 00 00 00 15 00 00 00 00 17 00 00 00 00 00 00 00 00 00 00 00 00 00 00 00 00 00 00 00 00 00 18 00 00 00 00 00 00 00 00 00
00 00 00 00 00 00 00 00 00 17 00 00 00 00 00 00 00 00 00 00 16 00 17 00 00 00 00 00 00 00 00 00 00 00 17 00 00 00 00 00 00 00 00 15 00 00 00 00 00 00 00 00
00 00 00 00 18 00 00 00 00 00 00 00 00 15 00 00 00 18 00 00 00 00 00 00 00 00 15 00 00 00 00 00 00 00 00 00 00 15 16 00 00 00 00 00 00 00 17 00 00 00 00 15
00 00 00 18 00 00 00 00 00 00 00 00 00 00 00 00 00 00 00 00 00 00 00 00 00 00 00 00 00 00 00 16 00 00 15 00 00 00 00 00 15 00 00 00 00 00 00 00 00 00 00 00
00 00 00 00 00 00 15 00 00 00 17 00 00 00 00 18 00 00 00 00 00 00 00 00 00 00 00 00 00 00 00 00 00 00 00 00 00 00 00 00 00 00 00 00 00 00 00 00 00 00 00 00
00 16 00 00 00 00 00 00 00 00 00 00 00 00 00 00 00 00 00 00 00 00 00 18 00 00 00 00 00 00 00 00 00 00 00 15 00 00 00 00 00 00 00 00 00 00 00 00 00 00 00 00
00 00 15 00 00 00 00 00 00 00 00 00 00 00 00 00 00 00 00 00 00 00 00 00 00 00 00 00 00 00 00 00 00 00 00 00 00 15 00 00 00 00 00 00 00 00 00 00 00 00 00 00
00 00 00 00 16 00 00 00 00 00 00 00 00 17 16 00 00 00 00 00 00 00 00 00 00 00 00 00 00 00 00 00 00 00 00 00 00 00 00 00 00 16 00 00 00 00 00 15 00 00 00 00
00 00 00 00 00 00 00 00 18 00 00 00 16 00 00 00 00 00 00 00 00 00 00 00 00 00 00 00 00 00 00 16 15 00 00 00 18 00 00 00 00 00 00 18 00 00 00 00 00 00 00 00
00 00 00 00 00 00 00 00 16 00 00 00 00 00 17 00 00 00 00 00 00 00 00 00 00 00 00 00 00 00 00 00 00 00 00 00 00 00 18 00 00 00 00 00 00 00 00 16 00 00 00 00
00 00 00 00 00 00 00 00 00 00 00 00 00 00 00 00 00 00 18 00 00 00 00 00 00 00 00 00 00 00 00 00 00 00 00 00 00 17 00 00 15 00 00 00 00 00 00 17 00 00 00 00
00 00 00 00 00 00 00 00 00 00 00 00 00 00 00 00 00 00 00 00 00 00 00 00 00 00 00 18 00 00 00 00 00 00 00 00 00 00 00 00 00 00 00 00 00 00 00 00 00 00 00 00
00 00 00 18 00 00 00 00 00 00 15 00 00 00 00 00 00 00 00 00 00 00 00 00 00 00 00 00 00 15 00 00 00 00 00 00 00 00 00 00 00 00 00 00 00 00 00 00 00 00 00 00
00 18 00 00 00 00 00 00 00 00 00 00 00 00 00 15 00 00 00 00 00 00 00 00 00 00 00 00 00 00 00 15 00 00 00 00 00 00 00 00 00 00 00 00 00 00 00 00 00 00 00 00
00 00 15 00 00 00 00 00 00 00 17 00 00 00 00 00 00 00 00 00 00 00 00 00 18 00 00 00 00 17 00 00 00 00 00 00 00 00 00 00 00 00 00 00 00 00 00 00 00 00 00 00
16 00 00 00 00 00 00 00 00 00 00 00 00 00 00 00 00 00 00 00 00 00 00 00 00 00 00 00 00 00 00 00 00 00 00 00 00 00 17 00 00 00 00 00 00 00 00 00 00 00 15 00
00 00 00 00 00 17 00 00 00 00 00 00 00 00 00 00 00 00 00 00 00 00 00 00 00 15 00 17 00 00 00 18 00 00 00 00 00 00 00 16 00 00 00 00 00 00 00 00 00 00 00 00
00 00 00 00 00 00 00 00 00 00 00 00 00 00 00 00 00 00 00 00 00 00 00 00 00 00 00 00 00 00 00 00 00 00 00 00 00 00 00 00 00 00 00 00 00 00 00 00 00 00 00 00
16 00 00 00 00 00 00 00 00 00 00 00 00 00 00 00 16 00 00 00 00 16 00 00 00 00 15 00 00 18 00 00 00 00 00 00 00 00 00 00 00 00 00 00 15 00 00 00 00 18 00 00
00 00 00 00 00 00 00 00 00 00 17 00 00 00 00 00 00 00 00 00 00 15 00 00 00 00 00 00 00 00 00 00 00 00 00 00 00 00 00 00 00 00 00 00 00 17 00 00 00 00 18 00
00 00 00 18 00 00 00 16 00 00 16 00 00 00 00 00 00 00 00 00 00 00 00 00 00 00 00 00 00 00 00 00 00 00 00 00 00 18 00 00 00 00 00 00 00 00 00 00 00 00 00 00
00 00 00 00 00 00 00 00 00 00 00 15 00 00 17 00 15 00 00 00 00 00 00 00 00 00 00 00 00 00 00 00 00 00 00 00 18 00 00 15 00 00 00 00 00 00 00 00 00 00 00 00
00 00 00 00 00 16 00 00 00 00 00 00 00 00 00 00 00 00 15 00 00 00 00 00 00 00 00 00 00 00 00 00 00 00 00 00 00 00 00 00 00 00 00 00 00 00 00 00 00 00 00 00
00 00 00 00 00 17 18 00 17 00 00 17 00 00 00 00 00 00 00 00 00 18 00 00 00 00 00 00 00 00 00 00 00 00 18 00 00 00 00 00 00 00 00 00 00 00 00 00 00 00 00 00
00 00 00 00 00 00 00 16 00 00 00 00 00 00 00 15 00 00 00 15 00 00 00 17 00 00 00 00 00 00 00 00 00 18 00 00 00 00 00 00 00 00 00 00 00 00 18 00 00 00 00 00
00 00 00 00 00 00 00 00 00 00 00 00 00 00 00 16 00 00 00 00 00 00 18 00 00 00 00 00 17 00 00 00 00 00 00 00 00 00 00 00 00 00 00 18 00 00 00 00 00 00 00 00
00 00 00 00 00 00 00 00 00 00 00 00 18 00 00 00 00 00 00 00 00 00 00 00 00 00 00 00 00 16 00 00 00 00 15 00 00 00 00 00 00 00 16 00 00 00 00 00 00 00 00 00
00 00 00 00 00 00 00 00 00 00 00 00 00 00 00 00 15 00 00 00 00 00 00 15 00 00 00 00 00 00 00 00 00 00 00 00 00 00 00 00 00 00 00 00 00 00 00 00 00 00 00 00
00 00 00 00 00 17 18 00 15 00 00 00 00 00 00 00 00 00 00 00 16 00 00 00 00 00 00 00 00 00 00 00 00 00 00 00 00 00 00 00 00 00 00 00 00 00 00 00 00 00 00 00
00 00 00 00 16 00 00 00 00 00 00 00 00 18 00 00 00 00 00 00 00 00 00 00 00 00 00 00 00 00 00 00 00 00 00 00 00 00 00 16 00 00 00 00 00 00 00 00 17 00 00 00
00 00 00 00 00 00 00 00 00 00 00 00 00 00 15 00 00 00 00 00 00 18 00 00 00 00 00 00 00 00 00 00 00 00 00 00 00 00 18 00 00 00 00 00 00 00 00 00 00 00 00 00
00 00 00 00 00 00 00 00 00 00 00 16 00 00 00 00 00 00 00 00 00 00 00 00 00 00 00 00 00 00 00 15 00 00 00 00 00 00 00 00 00 00 00 00 00 00 00 00 00 00 00 00
00 00 00 00 00 00 00 00 00 00 00 00 00 00 00 00 00 00 00 00 00 00 00 00 00 00 00 00 00 00 00 00 17 00 00 00 00 00 00 00 00 00 00 00 00 00 00 00 00 00 00 00
00 00 00 00 00 00 00 00 00 00 00 00 00 00 00 17 00 00 00 00 00 00 00 00 00 00 00 00 00 00 00 00 00 00 00 00 00 18 00 00 00 00 00 00 00 00 00 15 00 00 00 15
00 00 00 00 00 00 18 00 00 00 00 00 00 00 00 00 00 00 00 00 15 00 16 17 00 00 00 00 00 00 00 00 00 00 00 00 00 00 00 00 00 00 00 00 00 00 15 00 00 00 00 00
00 00 00 00 00 00 00 00 00 00 17 00 00 00 00 00 00 00 00 00 00 00 00 00 00 00 00 00 00 00 00 00 00 00 00 00 00 00 00 00 00 00 17 00 00 00 00 00 00 00 00 00
00 00 00 00 00 00 00 00 00 00 00 00 00 00 00 00 00 00 00 00 00 00 00 00 00 00 00 00 00 00 00 18 00 00 00 00 00 00 00 00 00 00 00 00 00 00 00 00 00 00 00 00
00 15 00 00 00 00 00 00 00 00 00 00 00 00 00 00 00 00 00 00 00 00 00 00 00 00 00 00 15 00 00 00 18 00 00 00 00 00 00 00 00 00 00 00 00 00 00 00 00 00 00 00
00 00 16 00 00 00 00 00 17 00 15 00 00 00 00 15 00 00 00 00 00 00 00 00 00 00 00 00 00 00 00 00 00 00 00 00 00 00 00 00 00 00 00 00 00 00 15 00 00 00 00 00